V 54
K 1
D 0 -5334000 3556000 2286000
Y 1
U 3175000 2286000 254000 0 2 3 REFDES=IC?
U 3175000 2032000 254000 0 2 3 DEVICE=TLV320AIC3104IRHBT
U 3175000 1778000 254000 0 2 0 PKG_TYPE=QFN50P500X500X100-33N-D
U 3175000 1524000 254000 0 2 0 Description=Low-Power Stereo CODEC with 6 Inputs, 6 Outputs, HP Amp and Enhanced Digital Effects
U 3175000 1270000 254000 0 2 0 Datasheet Link=http://www.ti.com/lit/gpn/tlv320aic3104
U 3175000 1016000 254000 0 2 0 Height=1
U 3175000 762000 254000 0 2 0 Mouser Part Number=595-TLV320C3104IRHBT
U 3175000 508000 254000 0 2 0 Mouser Price/Stock=https://www.mouser.co.uk/ProductDetail/Texas-Instruments/TLV320AIC3104IRHBT?qs=t6sYTo5dwUz0wA7yRaTR5Q%3D%3D
U 3175000 254000 254000 0 2 0 Manufacturer_Name=Texas Instruments
U 3175000 0 254000 0 2 0 Manufacturer_Part_Number=TLV320AIC3104IRHBT
U 0 0 254000 0 1 0 FORWARD_PCB=1
l 5 508000 1778000 3048000 1778000 3048000 -4826000 508000 -4826000 508000 1778000
|GRPHSTL -1 -1 -1 1
P 1 0 0 508000 0 0 2 0
L 584200 0 228600 0 2 0 1 0 MCLK
A 355600 50800 203200 0 9 3 #=1
A 0 0 9 0 3 0 PINTYPE=BI
P 2 0 -254000 508000 -254000 0 2 0
L 584200 -254000 228600 0 2 0 1 0 BCLK
A 355600 -203200 203200 0 9 3 #=2
A 0 0 9 0 3 0 PINTYPE=BI
P 3 0 -508000 508000 -508000 0 2 0
L 584200 -508000 228600 0 2 0 1 0 WCLK
A 355600 -457200 203200 0 9 3 #=3
A 0 0 9 0 3 0 PINTYPE=BI
P 4 0 -762000 508000 -762000 0 2 0
L 584200 -762000 228600 0 2 0 1 0 DIN
A 355600 -711200 203200 0 9 3 #=4
A 0 0 9 0 3 0 PINTYPE=BI
P 5 0 -1016000 508000 -1016000 0 2 0
L 584200 -1016000 228600 0 2 0 1 0 DOUT
A 355600 -965200 203200 0 9 3 #=5
A 0 0 9 0 3 0 PINTYPE=BI
P 6 0 -1270000 508000 -1270000 0 2 0
L 584200 -1270000 228600 0 2 0 1 0 DVSS
A 355600 -1219200 203200 0 9 3 #=6
A 0 0 9 0 3 0 PINTYPE=BI
P 7 0 -1524000 508000 -1524000 0 2 0
L 584200 -1524000 228600 0 2 0 1 0 IOVDD
A 355600 -1473200 203200 0 9 3 #=7
A 0 0 9 0 3 0 PINTYPE=BI
P 8 0 -1778000 508000 -1778000 0 2 0
L 584200 -1778000 228600 0 2 0 1 0 SCL
A 355600 -1727200 203200 0 9 3 #=8
A 0 0 9 0 3 0 PINTYPE=BI
P 9 762000 -5334000 762000 -4826000 0 1 0
L 762000 -4749800 228600 1 2 0 1 0 SDA
A 711200 -4978400 203200 1 9 3 #=9
A 0 0 9 0 3 0 PINTYPE=BI
P 10 1016000 -5334000 1016000 -4826000 0 1 0
L 1016000 -4749800 228600 1 2 0 1 0 MIC1LP/LINE1LP
A 965200 -4978400 203200 1 9 3 #=10
A 0 0 9 0 3 0 PINTYPE=BI
P 11 1270000 -5334000 1270000 -4826000 0 1 0
L 1270000 -4749800 228600 1 2 0 1 0 MIC1LM/LINE1LM
A 1219200 -4978400 203200 1 9 3 #=11
A 0 0 9 0 3 0 PINTYPE=BI
P 12 1524000 -5334000 1524000 -4826000 0 1 0
L 1524000 -4749800 228600 1 2 0 1 0 MIC1RP/LINE1RP
A 1473200 -4978400 203200 1 9 3 #=12
A 0 0 9 0 3 0 PINTYPE=BI
P 13 1778000 -5334000 1778000 -4826000 0 1 0
L 1778000 -4749800 228600 1 2 0 1 0 MIC1RM/LINE1RM
A 1727200 -4978400 203200 1 9 3 #=13
A 0 0 9 0 3 0 PINTYPE=BI
P 14 2032000 -5334000 2032000 -4826000 0 1 0
L 2032000 -4749800 228600 1 2 0 1 0 MIC2L/LINE2L/MICDET
A 1981200 -4978400 203200 1 9 3 #=14
A 0 0 9 0 3 0 PINTYPE=BI
P 15 2286000 -5334000 2286000 -4826000 0 1 0
L 2286000 -4749800 228600 1 2 0 1 0 MICBIAS
A 2235200 -4978400 203200 1 9 3 #=15
A 0 0 9 0 3 0 PINTYPE=BI
P 16 2540000 -5334000 2540000 -4826000 0 1 0
L 2540000 -4749800 228600 1 2 0 1 0 MIC2R/LINE2R
A 2489200 -4978400 203200 1 9 3 #=16
A 0 0 9 0 3 0 PINTYPE=BI
P 17 3556000 0 3048000 0 0 3 0
L 2971800 0 228600 0 8 0 1 0 DRVDD_2
A 3200400 50800 203200 0 3 3 #=24
A 0 0 9 0 3 0 PINTYPE=BI
P 18 3556000 -254000 3048000 -254000 0 3 0
L 2971800 -254000 228600 0 8 0 1 0 HPROUT
A 3200400 -203200 203200 0 3 3 #=23
A 0 0 9 0 3 0 PINTYPE=BI
P 19 3556000 -508000 3048000 -508000 0 3 0
L 2971800 -508000 228600 0 8 0 1 0 HPRCOM
A 3200400 -457200 203200 0 3 3 #=22
A 0 0 9 0 3 0 PINTYPE=BI
P 20 3556000 -762000 3048000 -762000 0 3 0
L 2971800 -762000 228600 0 8 0 1 0 DRVSS
A 3200400 -711200 203200 0 3 3 #=21
A 0 0 9 0 3 0 PINTYPE=BI
P 21 3556000 -1016000 3048000 -1016000 0 3 0
L 2971800 -1016000 228600 0 8 0 1 0 HPLCOM
A 3200400 -965200 203200 0 3 3 #=20
A 0 0 9 0 3 0 PINTYPE=BI
P 22 3556000 -1270000 3048000 -1270000 0 3 0
L 2971800 -1270000 228600 0 8 0 1 0 HPLOUT
A 3200400 -1219200 203200 0 3 3 #=19
A 0 0 9 0 3 0 PINTYPE=BI
P 23 3556000 -1524000 3048000 -1524000 0 3 0
L 2971800 -1524000 228600 0 8 0 1 0 DRVDD_1
A 3200400 -1473200 203200 0 3 3 #=18
A 0 0 9 0 3 0 PINTYPE=BI
P 24 3556000 -1778000 3048000 -1778000 0 3 0
L 2971800 -1778000 228600 0 8 0 1 0 AVSS1
A 3200400 -1727200 203200 0 3 3 #=17
A 0 0 9 0 3 0 PINTYPE=BI
P 25 762000 2286000 762000 1778000 0 0 0
L 762000 1701800 228600 1 8 0 1 0 EP
A 711200 1930400 203200 1 3 3 #=33
A 0 0 9 0 3 0 PINTYPE=BI
P 26 1016000 2286000 1016000 1778000 0 0 0
L 1016000 1701800 228600 1 8 0 1 0 DVDD
A 965200 1930400 203200 1 3 3 #=32
A 0 0 9 0 3 0 PINTYPE=BI
P 27 1270000 2286000 1270000 1778000 0 0 0
L 1270000 1701800 228600 1 8 0 1 0 ~RESET
A 1219200 1930400 203200 1 3 3 #=31
A 0 0 9 0 3 0 PINTYPE=BI
P 28 1524000 2286000 1524000 1778000 0 0 0
L 1524000 1701800 228600 1 8 0 1 0 RIGHT_LOM
A 1473200 1930400 203200 1 3 3 #=30
A 0 0 9 0 3 0 PINTYPE=BI
P 29 1778000 2286000 1778000 1778000 0 0 0
L 1778000 1701800 228600 1 8 0 1 0 RIGHT_LOP
A 1727200 1930400 203200 1 3 3 #=29
A 0 0 9 0 3 0 PINTYPE=BI
P 30 2032000 2286000 2032000 1778000 0 0 0
L 2032000 1701800 228600 1 8 0 1 0 LEFT_LOM
A 1981200 1930400 203200 1 3 3 #=28
A 0 0 9 0 3 0 PINTYPE=BI
P 31 2286000 2286000 2286000 1778000 0 0 0
L 2286000 1701800 228600 1 8 0 1 0 LEFT_LOP
A 2235200 1930400 203200 1 3 3 #=27
A 0 0 9 0 3 0 PINTYPE=BI
P 32 2540000 2286000 2540000 1778000 0 0 0
L 2540000 1701800 228600 1 8 0 1 0 AVSS2
A 2489200 1930400 203200 1 3 3 #=26
A 0 0 9 0 3 0 PINTYPE=BI
P 33 2794000 2286000 2794000 1778000 0 0 0
L 2794000 1701800 228600 1 8 0 1 0 AVDD
A 2743200 1930400 203200 1 3 3 #=25
A 0 0 9 0 3 0 PINTYPE=BI
E
