V 54
K 1
D 0 -6350000 5080000 0
Y 1
U 4699000 762000 254000 0 2 3 REFDES=IC?
U 4699000 508000 254000 0 2 3 DEVICE=BM83SM1-00AB
U 4699000 254000 254000 0 2 0 PKG_TYPE=BM83SM100AA
U 4699000 0 254000 0 2 0 Description=Class-1 50LD BLUETOOTH AUDIO MODULE WITH SHIED. 32*15mm
U 4699000 -254000 254000 0 2 0 Datasheet Link=http://ww1.microchip.com/downloads/en/DeviceDoc/BM83_Bluetooth_Stereo_Audio_Module_Data_Sheet_DS70005402A.pdf
U 4699000 -508000 254000 0 2 0 Height=2.5
U 4699000 -762000 254000 0 2 0 Mouser Part Number=579-BM83SM1-00AB
U 4699000 -1016000 254000 0 2 0 Mouser Price/Stock=https://www.mouser.co.uk/ProductDetail/Microchip-Technology/BM83SM1-00AB?qs=W%2FMpXkg%252BdQ4%2FPurIjXhtZA%3D%3D
U 4699000 -1270000 254000 0 2 0 Manufacturer_Name=Microchip
U 4699000 -1524000 254000 0 2 0 Manufacturer_Part_Number=BM83SM1-00AB
U 0 0 254000 0 1 0 FORWARD_PCB=1
l 5 508000 254000 4572000 254000 4572000 -6604000 508000 -6604000 508000 254000
|GRPHSTL -1 -1 -1 1
P 1 0 0 508000 0 0 2 0
L 584200 0 228600 0 2 0 1 0 DR1
A 355600 50800 203200 0 9 3 #=1
A 0 0 9 0 3 0 PINTYPE=BI
P 2 0 -254000 508000 -254000 0 2 0
L 584200 -254000 228600 0 2 0 1 0 RFS1
A 355600 -203200 203200 0 9 3 #=2
A 0 0 9 0 3 0 PINTYPE=BI
P 3 0 -508000 508000 -508000 0 2 0
L 584200 -508000 228600 0 2 0 1 0 SCLK1
A 355600 -457200 203200 0 9 3 #=3
A 0 0 9 0 3 0 PINTYPE=BI
P 4 0 -762000 508000 -762000 0 2 0
L 584200 -762000 228600 0 2 0 1 0 DT1
A 355600 -711200 203200 0 9 3 #=4
A 0 0 9 0 3 0 PINTYPE=BI
P 5 0 -1016000 508000 -1016000 0 2 0
L 584200 -1016000 228600 0 2 0 1 0 MCLK1
A 355600 -965200 203200 0 9 3 #=5
A 0 0 9 0 3 0 PINTYPE=BI
P 6 0 -1270000 508000 -1270000 0 2 0
L 584200 -1270000 228600 0 2 0 1 0 AOHPR
A 355600 -1219200 203200 0 9 3 #=6
A 0 0 9 0 3 0 PINTYPE=BI
P 7 0 -1524000 508000 -1524000 0 2 0
L 584200 -1524000 228600 0 2 0 1 0 AOHPM
A 355600 -1473200 203200 0 9 3 #=7
A 0 0 9 0 3 0 PINTYPE=BI
P 8 0 -1778000 508000 -1778000 0 2 0
L 584200 -1778000 228600 0 2 0 1 0 AOHPL
A 355600 -1727200 203200 0 9 3 #=8
A 0 0 9 0 3 0 PINTYPE=BI
P 9 0 -2032000 508000 -2032000 0 2 0
L 584200 -2032000 228600 0 2 0 1 0 MICN2
A 355600 -1981200 203200 0 9 3 #=9
A 0 0 9 0 3 0 PINTYPE=BI
P 10 0 -2286000 508000 -2286000 0 2 0
L 584200 -2286000 228600 0 2 0 1 0 MICP2
A 355600 -2235200 203200 0 9 3 #=10
A 0 0 9 0 3 0 PINTYPE=BI
P 11 0 -2540000 508000 -2540000 0 2 0
L 584200 -2540000 228600 0 2 0 1 0 AIR
A 355600 -2489200 203200 0 9 3 #=11
A 0 0 9 0 3 0 PINTYPE=BI
P 12 0 -2794000 508000 -2794000 0 2 0
L 584200 -2794000 228600 0 2 0 1 0 AIL
A 355600 -2743200 203200 0 9 3 #=12
A 0 0 9 0 3 0 PINTYPE=BI
P 13 0 -3048000 508000 -3048000 0 2 0
L 584200 -3048000 228600 0 2 0 1 0 MICN1
A 355600 -2997200 203200 0 9 3 #=13
A 0 0 9 0 3 0 PINTYPE=BI
P 14 0 -3302000 508000 -3302000 0 2 0
L 584200 -3302000 228600 0 2 0 1 0 MICP1
A 355600 -3251200 203200 0 9 3 #=14
A 0 0 9 0 3 0 PINTYPE=BI
P 15 0 -3556000 508000 -3556000 0 2 0
L 584200 -3556000 228600 0 2 0 1 0 MICBIAS
A 355600 -3505200 203200 0 9 3 #=15
A 0 0 9 0 3 0 PINTYPE=BI
P 16 0 -3810000 508000 -3810000 0 2 0
L 584200 -3810000 228600 0 2 0 1 0 GND_1
A 355600 -3759200 203200 0 9 3 #=16
A 0 0 9 0 3 0 PINTYPE=BI
P 17 0 -4064000 508000 -4064000 0 2 0
L 584200 -4064000 228600 0 2 0 1 0 DMIC_CLK
A 355600 -4013200 203200 0 9 3 #=17
A 0 0 9 0 3 0 PINTYPE=BI
P 18 0 -4318000 508000 -4318000 0 2 0
L 584200 -4318000 228600 0 2 0 1 0 DMIC1_R
A 355600 -4267200 203200 0 9 3 #=18
A 0 0 9 0 3 0 PINTYPE=BI
P 19 0 -4572000 508000 -4572000 0 2 0
L 584200 -4572000 228600 0 2 0 1 0 DMIC1_L
A 355600 -4521200 203200 0 9 3 #=19
A 0 0 9 0 3 0 PINTYPE=BI
P 20 0 -4826000 508000 -4826000 0 2 0
L 584200 -4826000 228600 0 2 0 1 0 P3_2
A 355600 -4775200 203200 0 9 3 #=20
A 0 0 9 0 3 0 PINTYPE=BI
P 21 0 -5080000 508000 -5080000 0 2 0
L 584200 -5080000 228600 0 2 0 1 0 P2_6
A 355600 -5029200 203200 0 9 3 #=21
A 0 0 9 0 3 0 PINTYPE=BI
P 22 0 -5334000 508000 -5334000 0 2 0
L 584200 -5334000 228600 0 2 0 1 0 ADAP_IN
A 355600 -5283200 203200 0 9 3 #=22
A 0 0 9 0 3 0 PINTYPE=BI
P 23 0 -5588000 508000 -5588000 0 2 0
L 584200 -5588000 228600 0 2 0 1 0 BAT_IN
A 355600 -5537200 203200 0 9 3 #=23
A 0 0 9 0 3 0 PINTYPE=BI
P 24 0 -5842000 508000 -5842000 0 2 0
L 584200 -5842000 228600 0 2 0 1 0 SYS_PWR
A 355600 -5791200 203200 0 9 3 #=24
A 0 0 9 0 3 0 PINTYPE=BI
P 25 0 -6096000 508000 -6096000 0 2 0
L 584200 -6096000 228600 0 2 0 1 0 VDD_IO
A 355600 -6045200 203200 0 9 3 #=25
A 0 0 9 0 3 0 PINTYPE=BI
P 26 0 -6350000 508000 -6350000 0 2 0
L 584200 -6350000 228600 0 2 0 1 0 PWR_(MFB)
A 355600 -6299200 203200 0 9 3 #=26
A 0 0 9 0 3 0 PINTYPE=BI
P 27 5080000 0 4572000 0 0 3 0
L 4495800 0 228600 0 8 0 1 0 SKI1_AMB_DET
A 4724400 50800 203200 0 3 3 #=27
A 0 0 9 0 3 0 PINTYPE=BI
P 28 5080000 -254000 4572000 -254000 0 3 0
L 4495800 -254000 228600 0 8 0 1 0 SK2_KEY_AD
A 4724400 -203200 203200 0 3 3 #=28
A 0 0 9 0 3 0 PINTYPE=BI
P 29 5080000 -508000 4572000 -508000 0 3 0
L 4495800 -508000 228600 0 8 0 1 0 P8_6/UART_RXD
A 4724400 -457200 203200 0 3 3 #=29
A 0 0 9 0 3 0 PINTYPE=BI
P 30 5080000 -762000 4572000 -762000 0 3 0
L 4495800 -762000 228600 0 8 0 1 0 P8_5/UART_TXD
A 4724400 -711200 203200 0 3 3 #=30
A 0 0 9 0 3 0 PINTYPE=BI
P 31 5080000 -1016000 4572000 -1016000 0 3 0
L 4495800 -1016000 228600 0 8 0 1 0 P3_4/UART_RTS
A 4724400 -965200 203200 0 3 3 #=31
A 0 0 9 0 3 0 PINTYPE=BI
P 32 5080000 -1270000 4572000 -1270000 0 3 0
L 4495800 -1270000 228600 0 8 0 1 0 LED1
A 4724400 -1219200 203200 0 3 3 #=32
A 0 0 9 0 3 0 PINTYPE=BI
P 33 5080000 -1524000 4572000 -1524000 0 3 0
L 4495800 -1524000 228600 0 8 0 1 0 P0_2
A 4724400 -1473200 203200 0 3 3 #=33
A 0 0 9 0 3 0 PINTYPE=BI
P 34 5080000 -1778000 4572000 -1778000 0 3 0
L 4495800 -1778000 228600 0 8 0 1 0 LED2
A 4724400 -1727200 203200 0 3 3 #=34
A 0 0 9 0 3 0 PINTYPE=BI
P 35 5080000 -2032000 4572000 -2032000 0 3 0
L 4495800 -2032000 228600 0 8 0 1 0 P0_6
A 4724400 -1981200 203200 0 3 3 #=35
A 0 0 9 0 3 0 PINTYPE=BI
P 36 5080000 -2286000 4572000 -2286000 0 3 0
L 4495800 -2286000 228600 0 8 0 1 0 DM
A 4724400 -2235200 203200 0 3 3 #=36
A 0 0 9 0 3 0 PINTYPE=BI
P 37 5080000 -2540000 4572000 -2540000 0 3 0
L 4495800 -2540000 228600 0 8 0 1 0 DP
A 4724400 -2489200 203200 0 3 3 #=37
A 0 0 9 0 3 0 PINTYPE=BI
P 38 5080000 -2794000 4572000 -2794000 0 3 0
L 4495800 -2794000 228600 0 8 0 1 0 P0_3
A 4724400 -2743200 203200 0 3 3 #=38
A 0 0 9 0 3 0 PINTYPE=BI
P 39 5080000 -3048000 4572000 -3048000 0 3 0
L 4495800 -3048000 228600 0 8 0 1 0 P2_7
A 4724400 -2997200 203200 0 3 3 #=39
A 0 0 9 0 3 0 PINTYPE=BI
P 40 5080000 -3302000 4572000 -3302000 0 3 0
L 4495800 -3302000 228600 0 8 0 1 0 P0_5
A 4724400 -3251200 203200 0 3 3 #=40
A 0 0 9 0 3 0 PINTYPE=BI
P 41 5080000 -3556000 4572000 -3556000 0 3 0
L 4495800 -3556000 228600 0 8 0 1 0 P1_6/PWM1
A 4724400 -3505200 203200 0 3 3 #=41
A 0 0 9 0 3 0 PINTYPE=BI
P 42 5080000 -3810000 4572000 -3810000 0 3 0
L 4495800 -3810000 228600 0 8 0 1 0 P2_3
A 4724400 -3759200 203200 0 3 3 #=42
A 0 0 9 0 3 0 PINTYPE=BI
P 43 5080000 -4064000 4572000 -4064000 0 3 0
L 4495800 -4064000 228600 0 8 0 1 0 RST_N
A 4724400 -4013200 203200 0 3 3 #=43
A 0 0 9 0 3 0 PINTYPE=BI
P 44 5080000 -4318000 4572000 -4318000 0 3 0
L 4495800 -4318000 228600 0 8 0 1 0 P0_1
A 4724400 -4267200 203200 0 3 3 #=44
A 0 0 9 0 3 0 PINTYPE=BI
P 45 5080000 -4572000 4572000 -4572000 0 3 0
L 4495800 -4572000 228600 0 8 0 1 0 P0_7
A 4724400 -4521200 203200 0 3 3 #=45
A 0 0 9 0 3 0 PINTYPE=BI
P 46 5080000 -4826000 4572000 -4826000 0 3 0
L 4495800 -4826000 228600 0 8 0 1 0 P1_2/TDI_CPU/SCL
A 4724400 -4775200 203200 0 3 3 #=46
A 0 0 9 0 3 0 PINTYPE=BI
P 47 5080000 -5080000 4572000 -5080000 0 3 0
L 4495800 -5080000 228600 0 8 0 1 0 P1_3/TCK_CPU/SDA
A 4724400 -5029200 203200 0 3 3 #=47
A 0 0 9 0 3 0 PINTYPE=BI
P 48 5080000 -5334000 4572000 -5334000 0 3 0
L 4495800 -5334000 228600 0 8 0 1 0 P3_7/UART_CTS
A 4724400 -5283200 203200 0 3 3 #=48
A 0 0 9 0 3 0 PINTYPE=BI
P 49 5080000 -5588000 4572000 -5588000 0 3 0
L 4495800 -5588000 228600 0 8 0 1 0 P0_0/UART_TX_IND
A 4724400 -5537200 203200 0 3 3 #=49
A 0 0 9 0 3 0 PINTYPE=BI
P 50 5080000 -5842000 4572000 -5842000 0 3 0
L 4495800 -5842000 228600 0 8 0 1 0 GND_2
A 4724400 -5791200 203200 0 3 3 #=50
A 0 0 9 0 3 0 PINTYPE=BI
P 51 5080000 -6096000 4572000 -6096000 0 3 0
L 4495800 -6096000 228600 0 8 0 1 0 EP1
A 4724400 -6045200 203200 0 3 3 #=EP1
A 0 0 9 0 3 0 PINTYPE=BI
P 52 5080000 -6350000 4572000 -6350000 0 3 0
L 4495800 -6350000 228600 0 8 0 1 0 EP2
A 4724400 -6299200 203200 0 3 3 #=EP2
A 0 0 9 0 3 0 PINTYPE=BI
E
